20
3
7 6 5 1 9 8 4 3 2
8 1 9 2 4 3 5 7 6
3 2 4 6 5 7 9 8 1
1 9 8 4 3 2 7 6 5
2 4 3 5 7 6 8 1 9
6 5 7 9 8 1 3 2 4
4 3 2 7 6 5 1 9 8
5 7 6 8 1 9 2 4 3
9 8 1 3 2 4 6 5 7
3
7 6 5 1 9 8 4 3 2
8 1 9 7 4 3 5 2 6
3 2 4 6 5 7 9 8 1
1 9 8 4 3 2 7 6 5
2 4 3 5 7 6 8 1 9
6 5 2 9 8 1 3 7 4
4 3 7 2 6 5 1 9 8
5 7 6 8 1 9 2 4 3
9 8 1 3 2 4 6 5 7
3
5 7 6 8 1 9 2 4 3
8 3 9 2 4 1 5 7 6
3 2 4 6 5 7 9 8 1
1 9 8 4 3 2 7 6 5
2 4 3 5 7 6 8 1 9
6 5 7 9 8 3 1 2 4
4 1 2 7 6 5 3 9 8
7 6 5 1 9 8 4 3 2
9 8 1 3 2 4 6 5 7
3
1 9 2 4 3 5 7 6 8
5 4 6 8 7 9 2 1 3
3 8 7 6 2 1 9 5 4
4 3 5 7 6 8 1 9 2
8 7 9 2 1 3 5 4 6
6 2 1 9 5 4 3 8 7
7 6 8 1 9 2 4 3 5
2 1 3 5 4 6 8 7 9
9 5 4 3 8 7 6 2 1
2
1 2 3 4
2 3 4 1
3 2 1 4
4 1 2 3
3
7 9 5 1 3 8 4 6 2
2 1 3 5 4 6 8 7 9
6 8 4 9 2 7 4 5 1
1 3 8 4 6 2 7 9 5
5 4 6 8 7 9 2 1 3
9 2 7 3 5 1 6 8 4
4 6 2 7 9 5 1 3 8
8 7 9 2 1 3 5 4 6
3 5 1 6 8 4 9 2 7
2
1 2 3 4
3 4 1 2
2 1 4 3
4 3 2 1
3
7 6 5 1 9 8 4 3 2
8 1 9 2 4 3 5 7 6
3 2 7 6 5 7 9 8 1
1 9 8 4 3 2 7 6 5
2 4 3 5 7 6 8 1 9
6 5 4 9 8 1 3 2 4
4 3 2 7 6 5 1 9 8
5 7 6 8 1 9 2 4 3
9 8 1 3 2 4 6 5 7
3
353 361 357 356 355 360 359 358 354
354 359 358 357 353 361 360 356 355
355 360 356 358 354 359 361 357 353
356 355 360 359 358 354 353 361 357
357 353 361 360 356 355 354 359 358
358 354 359 361 357 353 355 360 356
359 358 354 353 361 357 356 355 360
360 356 355 354 359 358 357 353 361
361 357 353 355 360 356 358 354 359
3
5 5 5 5 5 5 5 5 5
5 5 5 5 5 5 5 5 5
5 5 5 5 5 5 5 5 5
5 5 5 5 5 5 5 5 5
5 5 5 5 5 5 5 5 5
5 5 5 5 5 5 5 5 5
5 5 5 5 5 5 5 5 5
5 5 5 5 5 5 5 5 5
5 5 5 5 5 5 5 5 5
3
4 3 5 7 6 8 1 9 2
8 1 6 2 4 9 5 7 3
9 2 7 3 5 1 6 8 4
7 6 8 1 9 2 4 3 5
2 4 9 5 7 3 8 1 6
3 5 1 6 8 4 9 2 7
1 9 2 4 3 5 7 6 8
5 7 3 8 1 6 2 4 9
6 8 4 9 2 7 3 5 1
3
1 9 8 4 3 2 7 6 5
5 7 3 8 1 6 2 4 9
6 2 4 9 5 7 3 8 1
4 3 2 7 6 5 1 9 8
8 1 6 2 4 9 5 7 3
9 5 7 3 8 1 6 2 4
7 6 5 1 9 8 4 3 2
2 4 9 5 7 3 8 1 6
3 8 1 6 2 4 9 5 7
3
24 23 25 18 26 19 21 20 22
22 21 20 25 24 23 19 18 26
26 19 18 20 22 21 23 25 24
18 26 19 21 20 22 24 23 25
25 24 23 19 18 26 22 21 20
20 22 21 23 25 24 26 19 18
21 20 22 24 23 25 18 26 19
19 18 26 22 21 20 25 24 23
23 25 24 26 19 18 20 22 21
3
4 9 8 7 3 2 0 6 5
5 1 6 8 4 9 2 7 3
3 2 7 6 5 1 9 8 4
7 3 2 1 6 5 4 9 8
8 4 9 2 7 3 5 1 6
6 5 1 9 8 4 3 2 7
1 6 5 4 9 8 7 3 2
2 7 3 5 1 6 8 4 9
9 8 4 3 2 7 6 5 1
3
4 9 8 7 3 2 1 6 5
5 1 6 8 4 9 2 7 3
3 2 7 6 5 1 9 8 4
7 3 2 1 6 5 4 9 8
8 4 9 2 7 3 5 1 6
6 5 1 9 8 4 3 2 7
1 6 5 4 9 8 7 3 2
2 7 3 5 1 6 8 4 9
9 8 4 3 2 7 6 5 1
3
4 9 8 7 3 2 1 6 5
5 1 6 8 4 9 2 7 3
3 2 7 6 5 1 10 8 4
7 3 2 1 6 5 4 9 8
8 4 9 2 7 3 5 1 6
6 5 1 9 8 4 3 2 7
1 6 5 4 9 8 7 3 2
2 7 3 5 1 6 8 4 9
9 8 4 3 2 7 6 5 1
3
4 2 5 7 6 8 1 9 3
8 1 6 3 4 9 5 7 2
9 7 3 2 5 1 6 8 4
7 6 8 1 9 2 4 3 5
2 4 9 5 7 3 8 1 6
3 5 1 6 8 4 9 2 7
1 9 7 4 3 5 2 6 8
5 3 2 8 1 6 7 4 9
6 8 4 9 2 7 3 5 1
2
1 2 3 4
2 3 4 1
3 4 1 2
4 1 2 3
4
7 8 3 13 14 11 5 9 2 12 6 4 16 15 1 10
15 14 16 5 7 12 13 8 3 10 1 9 6 11 4 2
1 6 12 10 2 15 4 16 14 11 5 7 8 9 3 13
4 9 11 2 6 1 3 10 16 15 8 13 14 7 5 12
9 7 1 14 11 10 6 2 5 8 16 15 13 4 12 3
2 15 13 16 9 3 12 4 6 1 7 14 11 8 10 5
10 11 5 3 15 8 16 7 4 13 12 2 9 1 6 14
12 4 8 6 13 14 1 5 11 9 10 3 2 16 15 7
13 2 14 9 1 6 10 3 8 5 15 16 7 12 11 4
6 3 15 12 8 7 2 14 13 4 11 1 10 5 9 16
5 1 7 8 4 16 11 13 12 14 9 10 3 6 2 15
11 16 10 4 12 5 9 15 7 3 2 6 1 13 14 8
3 12 4 1 16 9 7 6 10 2 13 5 15 14 8 11
14 13 6 15 3 2 8 11 1 16 4 12 5 10 7 9
16 5 2 11 10 4 15 1 9 7 14 8 12 3 13 6
8 10 9 7 5 13 14 12 15 6 3 11 4 2 16 1
4
8 10 9 7 5 13 14 12 15 6 3 11 4 2 16 1
7 8 3 13 14 11 5 9 2 12 6 4 16 15 1 10
15 14 16 5 7 12 13 8 3 10 1 9 6 11 4 2
1 6 12 10 2 15 4 16 14 11 5 7 8 9 3 13
4 9 11 2 6 1 3 10 16 15 8 13 14 7 5 12
9 7 1 14 11 6 10 2 5 8 16 15 13 4 12 3
2 15 13 16 9 3 12 4 6 1 7 14 11 8 10 5
10 11 5 3 15 8 16 7 4 13 12 2 9 1 6 14
12 4 8 6 13 14 1 5 11 9 10 3 2 16 15 7
13 2 14 9 1 10 6 3 8 5 15 16 7 12 11 4
6 3 15 12 8 7 2 14 13 4 11 1 10 5 9 16
5 1 7 8 4 16 11 13 12 14 9 10 3 6 2 15
11 16 10 4 12 5 9 15 7 3 2 6 1 13 14 8
3 12 4 1 16 9 7 6 10 2 13 5 15 14 8 11
14 13 6 15 3 2 8 11 1 16 4 12 5 10 7 9
16 5 2 11 10 4 15 1 9 7 14 8 12 3 13 6
